4294967278,59
4294967278,58
4294967279,293
4294967278,428
4294967279,386
4294967294,1427
4294967294,1435
4294967278,426
4294967279,305
4294967279,304
4294967279,419
4294967278,347
4294967278,260
4294967278,138
4294967278,276
4294967279,410
4294967294,390
4294967294,115
4294967278,425
4294967278,385
4294967278,424
4294967278,310
4294967278,309
4294967278,423
4294967278,308
4294967279,311
4294967278,307
4294967279,309
4294967278,304
4294967279,308
4294967278,254
4294967279,254
4294967278,253
4294967278,422
4294967278,248
4294967278,242
4294967278,303
4294967278,240
4294967278,237
4294967279,289
4294967279,234
4294967278,232
4294967278,57
4294967278,56
4294967278,55
4294967279,76
4294967279,75
4294967279,73
4294967279,72
4294967279,71
4294967279,70
4294967279,69
4294967279,67
4294967279,66
4294967279,65
4294967279,64
4294967279,63
4294967279,62
4294967279,61
4294967279,60
4294967279,59
4294967279,58
4294967279,57
4294967279,56
4294967279,55
4294967279,441
4294967278,245
4294967279,286
4294967279,414
4294967279,440
4294967278,396
4294967278,420
4294967279,224
4294967279,438
4294967278,241
4294967294,1455
4294967279,497
19,2
4294967278,368
4294967279,303
4294967278,418
4294967279,54
4294967279,53
4294967279,52
4294967279,51
4294967279,50
4294967279,49
4294967279,48
4294967279,47
4294967279,46
4294967279,45
4294967279,44
4294967279,43
4294967279,42
4294967279,41
4294967279,40
4294967279,39
4294967279,38
4294967279,37
4294967279,36
4294967279,35
4294967279,34
4294967279,33
4294967279,30
4294967279,28
4294967279,26
4294967279,25
4294967279,24
4294967279,23
4294967279,22
4294967279,21
4294967279,20
4294967279,19
4294967279,18
4294967279,17
4294967279,15
4294967279,14
4294967279,13
4294967279,12
4294967279,11
4294967279,10
4294967279,9
4294967279,8
4294967279,7
4294967279,6
4294967279,5
4294967279,4
4294967279,302
4294967279,88
4294967279,212
31,9
33,10
29,6
4294967279,301
250,4
4294967278,127
4294967278,126
4294967278,124
4294967278,122
4294967278,110
4294967278,109
4294967278,107
4294967278,105
4294967279,32
4294967279,31
4294967279,29
4294967279,27
4294967279,16
250,6
4294967278,227
4294967279,411
4294967278,221
4294967279,475
11,4
4294967294,36
4294967294,39
4294967294,387
4294967294,1160
4294967294,471
4294967294,1422
4294967278,225
4294967294,5
4294967279,300
4294967278,223
4294967279,482
4294967279,387
4294967278,417
4294967294,409
4294967294,1068
4294967294,189
4294967294,451
4294967294,454
4294967294,449
4294967279,474
4294967279,473
4294967279,299
4294967278,219
4294967279,401
4294967279,398
4294967278,217
4294967279,481
4294967279,496
4294967278,446
4294967294,389
4294967278,416
4294967279,197
4294967279,494
4294967278,415
4294967294,76
4294967294,41
4294967278,195
4294967279,196
4294967278,194
4294967279,195
4294967278,193
4294967279,194
4294967278,192
4294967279,193
4294967278,191
4294967278,414
4294967278,0
4294967279,192
4294967278,190
4294967279,191
4294967278,189
4294967279,190
4294967294,417
4294967278,184
4294967278,182
4294967294,439
4294967279,181
4294967279,179
4294967278,176
4294967278,175
4294967279,471
4294967279,424
4294967294,1428
4294967279,434
4294967278,161
4294967294,393
4294967294,120
4294967294,114
4294967294,44
4294967294,166
4294967294,1245
4294967279,162
4294967294,52
4294967294,53
4294967294,1425
4294967294,51
4294967278,160
4294967279,161
4294967294,42
4294967278,159
4294967279,160
4294967278,158
4294967279,159
4294967278,157
4294967279,158
4294967278,156
4294967294,88
4294967294,87
4294967294,85
4294967279,156
4294967294,1420
4294967294,83
4294967278,155
4294967279,155
4294967278,154
4294967279,154
4294967278,153
4294967279,153
4294967278,152
4294967279,152
4294967294,8
4294967294,92
4294967294,91
4294967278,151
4294967279,151
4294967278,413
4294967279,468
11,2
26,5
26,7
4294967278,412
4294967278,2
11,7
4294967279,149
11,1
11,6
4294967278,148
19,9
19,8
19,7
19,5
4294967279,148
4294967278,93
4294967278,92
4294967278,90
4294967278,87
4294967278,74
4294967278,72
4294967278,71
4294967278,70
4294967278,69
4294967278,67
4294967278,63
4294967278,62
4294967279,74
4294967279,68
4294967278,267
4294967279,445
4294967278,349
4294967279,413
4294967294,1163
4294967294,1156
4294967294,1085
4294967294,1084
4294967294,1081
4294967294,1079
4294967294,1075
4294967294,1074
4294967294,1067
4294967294,401
4294967294,422
4294967294,182
4294967294,176
4294967294,170
4294967294,163
4294967294,190
4294967294,162
4294967294,1419
4294967278,386
4294967294,1072
4294967294,186
4294967294,1087
4294967279,463
4294967278,249
4294967279,449
4294967279,456
4294967278,410
4294967279,389
4294967279,0
4294967279,385
4294967278,343
4294967294,388
4294967279,439
4294967278,313
4294967279,453
4294967278,344
4294967278,408
4294967294,81
4294967279,291
4294967278,262
4294967294,50
4294967294,1424
4294967279,510
4294967279,415
4294967278,407
4294967294,22
4294967294,483
0,5
4294967294,1423
4294967294,484
4294967294,17
4294967294,99
4294967294,430
4294967294,1441
4294967278,136
4294967278,135
4294967278,134
4294967278,133
4294967278,272
4294967278,406
4294967278,271
4294967294,89
4294967278,270
4294967294,94
4294967278,269
4294967278,268
4294967279,271
4294967278,282
4294967279,270
4294967279,288
4294967278,266
4294967294,1436
4294967279,269
4294967294,7
4294967278,265
4294967294,96
4294967278,280
4294967278,264
296,6
296,5
4294967278,263
296,4
4294967279,265
296,3
296,2
296,1
4294967279,427
4294967278,278
4294967294,426
4294967294,1431
4294967278,261
4294967278,259
295,10
295,9
4294967278,258
295,8
295,7
4294967278,257
